452600.0	8.3252	41.0	880.0	129.0	322.0	126.0	37.88	-122.23
358500.0	8.3014	21.0	7099.0	1106.0	2401.0	1138.0	37.86	-122.22
352100.0	7.2574	52.0	1467.0	190.0	496.0	177.0	37.85	-122.24
341300.0	5.6431	52.0	1274.0	235.0	558.0	219.0	37.85	-122.25
342200.0	3.8462	52.0	1627.0	280.0	565.0	259.0	37.85	-122.25
269700.0	4.0368	52.0	919.0	213.0	413.0	193.0	37.85	-122.25
299200.0	3.6591	52.0	2535.0	489.0	1094.0	514.0	37.84	-122.25
241400.0	3.12	52.0	3104.0	687.0	1157.0	647.0	37.84	-122.25
226700.0	2.0804	42.0	2555.0	665.0	1206.0	595.0	37.84	-122.26
261100.0	3.6912	52.0	3549.0	707.0	1551.0	714.0	37.84	-122.25
281500.0	3.2031	52.0	2202.0	434.0	910.0	402.0	37.85	-122.26
241800.0	3.2705	52.0	3503.0	752.0	1504.0	734.0	37.85	-122.26
213500.0	3.075	52.0	2491.0	474.0	1098.0	468.0	37.85	-122.26
191300.0	2.6736	52.0	696.0	191.0	345.0	174.0	37.84	-122.26
159200.0	1.9167	52.0	2643.0	626.0	1212.0	620.0	37.85	-122.26
140000.0	2.125	50.0	1120.0	283.0	697.0	264.0	37.85	-122.26
152500.0	2.775	52.0	1966.0	347.0	793.0	331.0	37.85	-122.27
155500.0	2.1202	52.0	1228.0	293.0	648.0	303.0	37.85	-122.27
158700.0	1.9911	50.0	2239.0	455.0	990.0	419.0	37.84	-122.26
162900.0	2.6033	52.0	1503.0	298.0	690.0	275.0	37.84	-122.27
147500.0	1.3578	40.0	751.0	184.0	409.0	166.0	37.85	-122.27
159800.0	1.7135	42.0	1639.0	367.0	929.0	366.0	37.85	-122.27
113900.0	1.725	52.0	2436.0	541.0	1015.0	478.0	37.84	-122.27
99700.0	2.1806	52.0	1688.0	337.0	853.0	325.0	37.84	-122.27
132600.0	2.6	52.0	2224.0	437.0	1006.0	422.0	37.84	-122.27
107500.0	2.4038	41.0	535.0	123.0	317.0	119.0	37.85	-122.28
93800.0	2.4597	49.0	1130.0	244.0	607.0	239.0	37.85	-122.28
105500.0	1.808	52.0	1898.0	421.0	1102.0	397.0	37.85	-122.28
108900.0	1.6424	50.0	2082.0	492.0	1131.0	473.0	37.84	-122.28
132000.0	1.6875	52.0	729.0	160.0	395.0	155.0	37.84	-122.28
122300.0	1.9274	49.0	1916.0	447.0	863.0	378.0	37.84	-122.28
115200.0	1.9615	52.0	2153.0	481.0	1168.0	441.0	37.84	-122.28
110400.0	1.7969	48.0	1922.0	409.0	1026.0	335.0	37.84	-122.27
104900.0	1.375	49.0	1655.0	366.0	754.0	329.0	37.83	-122.27
109700.0	2.7303	51.0	2665.0	574.0	1258.0	536.0	37.83	-122.27
97200.0	1.4861	49.0	1215.0	282.0	570.0	264.0	37.83	-122.27
104500.0	1.0972	48.0	1798.0	432.0	987.0	374.0	37.83	-122.27
103900.0	1.4103	52.0	1511.0	390.0	901.0	403.0	37.83	-122.28
191400.0	3.48	52.0	1470.0	330.0	689.0	309.0	37.83	-122.26
176000.0	2.5898	52.0	2432.0	715.0	1377.0	696.0	37.83	-122.26
155400.0	2.0978	52.0	1665.0	419.0	946.0	395.0	37.83	-122.26
150000.0	1.2852	51.0	936.0	311.0	517.0	249.0	37.83	-122.26
118800.0	1.025	49.0	713.0	202.0	462.0	189.0	37.84	-122.26
188800.0	3.9643	52.0	950.0	202.0	467.0	198.0	37.84	-122.26
184400.0	3.0125	52.0	1443.0	311.0	660.0	292.0	37.83	-122.26
182300.0	2.6768	52.0	1656.0	420.0	718.0	382.0	37.83	-122.26
142500.0	2.026	50.0	1125.0	322.0	616.0	304.0	37.83	-122.26
137500.0	1.7348	43.0	1007.0	312.0	558.0	253.0	37.82	-122.27
187500.0	0.9506	40.0	624.0	195.0	423.0	160.0	37.82	-122.26
112500.0	1.775	40.0	946.0	375.0	700.0	352.0	37.82	-122.27
171900.0	0.9218	21.0	896.0	453.0	735.0	438.0	37.82	-122.27
93800.0	1.5045	43.0	1868.0	456.0	1061.0	407.0	37.82	-122.27
97500.0	1.1108	41.0	3221.0	853.0	1959.0	720.0	37.82	-122.27
104200.0	1.2475	52.0	1630.0	456.0	1162.0	400.0	37.82	-122.27
87500.0	1.6098	52.0	1170.0	235.0	701.0	233.0	37.82	-122.28
83100.0	1.4113	52.0	945.0	243.0	576.0	220.0	37.82	-122.28
87500.0	1.5057	52.0	1238.0	288.0	622.0	259.0	37.82	-122.28
85300.0	0.8172	52.0	1489.0	335.0	728.0	244.0	37.82	-122.28
80300.0	1.2171	52.0	1387.0	341.0	1074.0	304.0	37.82	-122.28
60000.0	2.5625	2.0	158.0	43.0	94.0	57.0	37.82	-122.29
75700.0	3.3929	52.0	1121.0	211.0	554.0	187.0	37.83	-122.29
75000.0	6.1183	49.0	135.0	29.0	86.0	23.0	37.82	-122.29
86100.0	0.9011	50.0	760.0	190.0	377.0	122.0	37.81	-122.29
76100.0	1.191	52.0	1224.0	237.0	521.0	159.0	37.81	-122.3
73500.0	2.5938	48.0	828.0	182.0	392.0	133.0	37.81	-122.3
78400.0	1.1667	52.0	1010.0	209.0	604.0	187.0	37.81	-122.3
84400.0	0.8056	48.0	1455.0	354.0	788.0	332.0	37.81	-122.3
81300.0	2.6094	52.0	1027.0	244.0	492.0	147.0	37.8	-122.29
85000.0	1.8516	52.0	572.0	109.0	274.0	82.0	37.81	-122.3
129200.0	0.9802	46.0	2801.0	644.0	1823.0	611.0	37.81	-122.29
82500.0	1.7719	26.0	768.0	152.0	392.0	127.0	37.81	-122.29
95200.0	0.7286	46.0	935.0	297.0	582.0	277.0	37.81	-122.29
75000.0	1.75	49.0	844.0	204.0	560.0	152.0	37.81	-122.29
67500.0	0.4999	46.0	12.0	4.0	18.0	7.0	37.81	-122.29
137500.0	2.483	20.0	835.0	161.0	290.0	133.0	37.81	-122.29
177500.0	0.9241	17.0	1237.0	462.0	762.0	439.0	37.81	-122.28
102100.0	2.4464	36.0	2914.0	562.0	1236.0	509.0	37.81	-122.28
108300.0	1.1111	19.0	1207.0	243.0	721.0	207.0	37.81	-122.28
112500.0	0.8026	23.0	1745.0	374.0	1054.0	325.0	37.81	-122.29
131300.0	2.0114	38.0	684.0	176.0	344.0	155.0	37.8	-122.28
162500.0	1.5	17.0	924.0	289.0	609.0	289.0	37.81	-122.28
112500.0	1.1667	52.0	210.0	56.0	183.0	56.0	37.81	-122.27
112500.0	1.5208	52.0	340.0	97.0	200.0	87.0	37.81	-122.28
137500.0	0.8075	52.0	386.0	164.0	346.0	155.0	37.81	-122.28
118800.0	1.8088	35.0	948.0	184.0	467.0	169.0	37.81	-122.28
98200.0	2.4083	52.0	773.0	143.0	377.0	115.0	37.81	-122.28
118800.0	0.977	40.0	880.0	451.0	582.0	380.0	37.81	-122.27
162500.0	0.76	10.0	875.0	348.0	546.0	330.0	37.81	-122.27
137500.0	0.9722	10.0	105.0	42.0	125.0	39.0	37.8	-122.27
500001.0	1.2434	52.0	249.0	78.0	396.0	85.0	37.8	-122.27
162500.0	2.0938	16.0	994.0	392.0	800.0	362.0	37.8	-122.27
137500.0	0.8668	52.0	215.0	87.0	904.0	88.0	37.8	-122.28
162500.0	0.75	52.0	96.0	31.0	191.0	34.0	37.8	-122.28
187500.0	2.6354	27.0	1055.0	347.0	718.0	302.0	37.79	-122.27
179200.0	1.8477	39.0	1715.0	623.0	1327.0	467.0	37.8	-122.27
130000.0	2.0096	36.0	5329.0	2477.0	3469.0	2323.0	37.8	-122.26
183800.0	2.8345	31.0	4596.0	1331.0	2048.0	1180.0	37.82	-122.26
125000.0	2.0062	29.0	335.0	107.0	202.0	91.0	37.81	-122.26
170000.0	1.2185	22.0	3682.0	1270.0	2024.0	1250.0	37.82	-122.26
193100.0	2.6104	37.0	3633.0	1085.0	1838.0	980.0	37.82	-122.26
257800.0	2.4912	29.0	4656.0	1414.0	2304.0	1250.0	37.81	-122.25
273400.0	3.2177	28.0	5806.0	1603.0	2563.0	1497.0	37.81	-122.25
237500.0	3.125	39.0	854.0	242.0	389.0	228.0	37.81	-122.25
350000.0	2.5795	52.0	2155.0	701.0	895.0	613.0	37.81	-122.25
335700.0	2.8406	34.0	5871.0	1914.0	2689.0	1789.0	37.81	-122.26
313400.0	4.9306	52.0	1509.0	225.0	674.0	244.0	37.82	-122.24
268500.0	3.2727	52.0	2026.0	482.0	709.0	456.0	37.81	-122.24
259400.0	3.1691	52.0	1758.0	460.0	686.0	422.0	37.81	-122.25
275700.0	3.9	52.0	3481.0	751.0	1444.0	718.0	37.82	-122.24
225000.0	3.9063	28.0	3337.0	855.0	1520.0	802.0	37.82	-122.25
262500.0	5.0917	52.0	1424.0	289.0	550.0	253.0	37.82	-122.25
218500.0	2.6429	32.0	3809.0	1098.0	1806.0	1022.0	37.82	-122.25
255000.0	3.0233	26.0	3959.0	1196.0	1749.0	1217.0	37.82	-122.25
224100.0	3.1484	52.0	2376.0	559.0	939.0	519.0	37.83	-122.25
243100.0	3.4722	35.0	1613.0	428.0	675.0	422.0	37.83	-122.25
231600.0	3.1429	52.0	1279.0	287.0	534.0	291.0	37.83	-122.25
218500.0	2.4234	28.0	5022.0	1750.0	2558.0	1661.0	37.83	-122.25
234100.0	3.0897	52.0	4190.0	1105.0	1786.0	1037.0	37.83	-122.25
327600.0	5.8596	50.0	2515.0	399.0	970.0	373.0	37.84	-122.23
347600.0	5.2868	47.0	3175.0	454.0	1098.0	485.0	37.84	-122.23
366100.0	5.956	41.0	2576.0	406.0	794.0	376.0	37.83	-122.24
335000.0	4.9643	37.0	334.0	54.0	98.0	47.0	37.85	-122.24
373600.0	6.3434	52.0	2800.0	411.0	1061.0	403.0	37.85	-122.23
389500.0	5.1773	52.0	3529.0	574.0	1177.0	555.0	37.84	-122.24
391100.0	7.2354	52.0	2612.0	365.0	901.0	367.0	37.85	-122.24
337300.0	5.457	28.0	5287.0	1048.0	2031.0	956.0	37.85	-122.22
295200.0	7.5	50.0	2935.0	473.0	1031.0	479.0	37.84	-122.22
292300.0	6.0194	44.0	3424.0	597.0	1358.0	597.0	37.84	-122.21
411500.0	7.5544	40.0	4991.0	674.0	1616.0	654.0	37.83	-122.21
311500.0	6.0666	30.0	2211.0	346.0	844.0	343.0	37.84	-122.2
325900.0	7.0548	34.0	3038.0	490.0	1140.0	496.0	37.84	-122.21
392600.0	11.6017	18.0	1617.0	210.0	533.0	194.0	37.84	-122.19
319300.0	7.4882	35.0	2865.0	460.0	1072.0	443.0	37.84	-122.2
333300.0	6.8976	34.0	5065.0	788.0	1627.0	766.0	37.83	-122.21
335200.0	8.2049	28.0	1326.0	184.0	463.0	190.0	37.83	-122.19
351200.0	8.401	26.0	1589.0	223.0	542.0	211.0	37.83	-122.2
368900.0	6.8538	29.0	1791.0	271.0	661.0	269.0	37.83	-122.19
365900.0	8.317	32.0	1835.0	264.0	635.0	263.0	37.82	-122.19
366700.0	7.0175	37.0	1229.0	181.0	420.0	176.0	37.82	-122.2
362800.0	6.3302	39.0	3770.0	534.0	1265.0	500.0	37.82	-122.2
483300.0	6.3624	30.0	292.0	38.0	126.0	52.0	37.81	-122.18
331400.0	7.0549	52.0	2375.0	333.0	813.0	350.0	37.82	-122.21
323500.0	6.7851	45.0	2964.0	436.0	1067.0	426.0	37.81	-122.2
216700.0	2.8929	50.0	2833.0	605.0	1260.0	552.0	37.8	-122.21
233100.0	3.0812	38.0	2254.0	535.0	951.0	487.0	37.8	-122.21
296400.0	5.2402	52.0	1389.0	212.0	510.0	224.0	37.81	-122.21
273700.0	6.5217	52.0	1971.0	335.0	765.0	308.0	37.81	-122.22
227700.0	3.2632	52.0	2183.0	465.0	1129.0	460.0	37.8	-122.22
199600.0	3.0298	52.0	2286.0	464.0	1073.0	441.0	37.8	-122.22
239800.0	4.5428	52.0	2721.0	541.0	1185.0	515.0	37.8	-122.22
270100.0	4.072	52.0	2024.0	339.0	756.0	340.0	37.81	-122.22
302100.0	5.3509	52.0	2944.0	536.0	1034.0	521.0	37.81	-122.22
269500.0	3.1603	52.0	2033.0	486.0	787.0	459.0	37.8	-122.23
314700.0	4.7708	52.0	1433.0	229.0	612.0	213.0	37.81	-122.23
390100.0	8.1564	52.0	2927.0	402.0	1021.0	380.0	37.81	-122.22
410300.0	8.8793	52.0	2315.0	292.0	861.0	258.0	37.81	-122.23
352400.0	6.8591	52.0	2485.0	313.0	953.0	327.0	37.81	-122.24
287300.0	6.0302	52.0	1490.0	238.0	634.0	256.0	37.81	-122.24
348700.0	7.508	52.0	2814.0	365.0	878.0	352.0	37.81	-122.23
243800.0	2.7477	52.0	2093.0	550.0	918.0	483.0	37.81	-122.24
211500.0	2.1944	52.0	888.0	168.0	360.0	175.0	37.8	-122.24
218400.0	3.0149	52.0	2087.0	510.0	1197.0	488.0	37.8	-122.25
269900.0	3.675	52.0	2513.0	502.0	1048.0	518.0	37.81	-122.24
218800.0	3.225	46.0	3232.0	835.0	1373.0	747.0	37.81	-122.25
225000.0	2.9345	42.0	4120.0	1065.0	1715.0	1015.0	37.8	-122.25
250000.0	2.1429	43.0	2364.0	792.0	1359.0	722.0	37.8	-122.25
171400.0	1.6121	41.0	1471.0	469.0	1062.0	413.0	37.8	-122.25
193800.0	1.3929	29.0	2468.0	864.0	1335.0	773.0	37.8	-122.25
125000.0	2.3173	27.0	1632.0	492.0	1171.0	429.0	37.79	-122.24
97500.0	1.7772	45.0	1786.0	526.0	1475.0	460.0	37.79	-122.25
125000.0	2.6458	50.0	629.0	188.0	742.0	196.0	37.79	-122.25
138800.0	2.181	52.0	1339.0	391.0	1086.0	363.0	37.79	-122.25
116700.0	2.2303	36.0	1678.0	606.0	1645.0	543.0	37.8	-122.25
151800.0	1.6504	43.0	2344.0	647.0	1710.0	644.0	37.8	-122.25
127000.0	2.2697	52.0	996.0	228.0	731.0	228.0	37.8	-122.24
128600.0	2.1563	52.0	1591.0	373.0	1118.0	347.0	37.8	-122.24
140600.0	2.1348	52.0	1586.0	398.0	1006.0	335.0	37.8	-122.24
182700.0	2.6292	47.0	2046.0	588.0	1213.0	554.0	37.8	-122.24
146900.0	2.3833	52.0	1192.0	289.0	772.0	257.0	37.8	-122.23
122800.0	2.957	52.0	1803.0	420.0	1321.0	401.0	37.8	-122.24
169300.0	2.5238	49.0	2838.0	749.0	1487.0	677.0	37.8	-122.24
126600.0	1.9375	52.0	783.0	184.0	488.0	186.0	37.8	-122.23
127900.0	1.9028	51.0	1590.0	414.0	949.0	392.0	37.8	-122.23
123500.0	2.25	50.0	1746.0	480.0	1149.0	415.0	37.8	-122.23
111900.0	2.3929	52.0	1252.0	299.0	844.0	280.0	37.8	-122.23
112800.0	2.1917	43.0	5963.0	1344.0	4367.0	1231.0	37.79	-122.23
107900.0	2.9357	52.0	1783.0	395.0	1659.0	412.0	37.79	-122.23
137500.0	1.8854	30.0	999.0	264.0	1011.0	263.0	37.79	-122.23
105500.0	2.1638	39.0	1469.0	431.0	1464.0	389.0	37.79	-122.24
95500.0	2.125	47.0	1372.0	395.0	1237.0	303.0	37.79	-122.24
116100.0	3.375	52.0	674.0	180.0	647.0	168.0	37.79	-122.24
112200.0	2.2542	43.0	1626.0	376.0	1284.0	357.0	37.79	-122.24
75000.0	2.1	51.0	175.0	43.0	228.0	55.0	37.79	-122.25
112500.0	1.6	39.0	461.0	129.0	381.0	123.0	37.79	-122.25
125000.0	3.625	52.0	902.0	237.0	846.0	227.0	37.79	-122.25
115000.0	1.6929	20.0	2373.0	779.0	1659.0	676.0	37.8	-122.26
95000.0	1.6471	52.0	391.0	128.0	520.0	138.0	37.77	-122.22
96400.0	2.59	52.0	1137.0	301.0	866.0	259.0	37.77	-122.22
72000.0	2.57	52.0	769.0	206.0	612.0	183.0	37.77	-122.23
71300.0	2.6429	52.0	472.0	146.0	415.0	126.0	37.78	-122.23
80800.0	3.0257	52.0	862.0	215.0	994.0	213.0	37.78	-122.23
128800.0	1.4886	50.0	1920.0	530.0	1525.0	477.0	37.78	-122.22
112500.0	1.9338	43.0	1420.0	472.0	1506.0	438.0	37.78	-122.23
119400.0	1.4844	52.0	986.0	258.0	1008.0	255.0	37.78	-122.23
118100.0	1.6009	44.0	2340.0	825.0	2813.0	751.0	37.78	-122.23
122500.0	2.0375	48.0	1696.0	396.0	1481.0	343.0	37.79	-122.23
106300.0	2.293	49.0	1175.0	217.0	859.0	219.0	37.79	-122.23
132500.0	2.1494	37.0	2343.0	574.0	1608.0	523.0	37.79	-122.22
122700.0	1.6198	30.0	610.0	145.0	425.0	140.0	37.79	-122.23
113300.0	1.3281	40.0	930.0	199.0	564.0	184.0	37.79	-122.23
109500.0	3.5156	44.0	1487.0	314.0	961.0	272.0	37.79	-122.22
164700.0	3.9048	52.0	3424.0	690.0	2273.0	685.0	37.79	-122.22
125000.0	3.0893	52.0	762.0	190.0	600.0	195.0	37.79	-122.21
124700.0	2.6042	46.0	2366.0	575.0	1647.0	527.0	37.79	-122.22
136700.0	2.5	49.0	1826.0	450.0	1201.0	424.0	37.79	-122.22
141700.0	2.7969	38.0	3049.0	711.0	2167.0	659.0	37.79	-122.22
150000.0	2.8321	29.0	1640.0	376.0	939.0	340.0	37.79	-122.2
138800.0	2.9583	47.0	1543.0	307.0	859.0	292.0	37.79	-122.21
139200.0	2.8365	34.0	2364.0	557.0	1517.0	516.0	37.79	-122.21
143800.0	2.875	35.0	1745.0	409.0	1143.0	386.0	37.79	-122.21
156500.0	3.0682	39.0	2003.0	500.0	1109.0	464.0	37.8	-122.21
151000.0	3.0757	39.0	2018.0	447.0	1221.0	446.0	37.8	-122.21
273000.0	4.9559	43.0	3045.0	499.0	1115.0	455.0	37.8	-122.2
217100.0	4.7721	52.0	1547.0	293.0	706.0	268.0	37.8	-122.2
187100.0	3.4861	52.0	3519.0	711.0	1883.0	706.0	37.8	-122.21
239600.0	5.1184	41.0	2070.0	354.0	804.0	340.0	37.8	-122.2
229700.0	4.0977	48.0	1321.0	263.0	506.0	252.0	37.8	-122.21
257300.0	4.744	48.0	1694.0	259.0	610.0	238.0	37.8	-122.19
246900.0	4.2727	46.0	1938.0	341.0	768.0	332.0	37.8	-122.19
179900.0	2.9844	50.0	968.0	195.0	462.0	184.0	37.79	-122.19
169600.0	4.1739	40.0	1060.0	256.0	667.0	235.0	37.79	-122.2
203300.0	3.8487	46.0	2041.0	405.0	1059.0	399.0	37.8	-122.2
263400.0	4.0114	52.0	1813.0	271.0	637.0	277.0	37.8	-122.19
231800.0	4.6563	45.0	2718.0	451.0	1106.0	454.0	37.79	-122.19
140500.0	2.9297	28.0	3144.0	761.0	1737.0	669.0	37.79	-122.19
126000.0	2.3036	35.0	1802.0	459.0	1009.0	390.0	37.79	-122.2
122000.0	2.6667	49.0	882.0	195.0	737.0	210.0	37.79	-122.2
134700.0	2.619	44.0	1621.0	452.0	1354.0	491.0	37.79	-122.2
139400.0	2.4167	45.0	2115.0	533.0	1530.0	474.0	37.79	-122.21
115400.0	2.7788	45.0	2021.0	528.0	1410.0	480.0	37.79	-122.2
137300.0	2.7352	46.0	2239.0	508.0	1390.0	569.0	37.78	-122.21
137000.0	1.8472	52.0	1477.0	300.0	1065.0	269.0	37.78	-122.21
142600.0	2.6583	52.0	1056.0	224.0	792.0	245.0	37.78	-122.21
137500.0	3.0536	49.0	898.0	244.0	779.0	245.0	37.78	-122.21
111700.0	2.3906	44.0	2968.0	710.0	2269.0	610.0	37.78	-122.22
126800.0	1.7188	43.0	1702.0	460.0	1227.0	407.0	37.78	-122.21
111300.0	2.625	47.0	881.0	248.0	753.0	241.0	37.78	-122.21
114800.0	2.8015	40.0	494.0	114.0	547.0	135.0	37.77	-122.22
102300.0	1.7276	50.0	1776.0	473.0	1807.0	440.0	37.78	-122.22
131900.0	2.0801	44.0	1678.0	514.0	1700.0	495.0	37.78	-122.22
119100.0	2.489	51.0	1637.0	463.0	1543.0	393.0	37.78	-122.22
80600.0	1.7546	52.0	1420.0	314.0	1085.0	300.0	37.76	-122.21
80600.0	4.0904	52.0	591.0	173.0	353.0	137.0	37.77	-122.21
88800.0	2.6765	52.0	745.0	153.0	473.0	149.0	37.77	-122.21
102400.0	2.4338	49.0	2272.0	498.0	1621.0	483.0	37.77	-122.2
98700.0	2.3309	46.0	1234.0	375.0	1183.0	354.0	37.77	-122.21
100000.0	2.2604	43.0	1017.0	328.0	836.0	277.0	37.77	-122.21
92300.0	1.8039	42.0	932.0	254.0	900.0	263.0	37.77	-122.19
94800.0	2.2562	39.0	2689.0	597.0	1888.0	537.0	37.77	-122.2
102000.0	2.0562	41.0	1547.0	415.0	1024.0	341.0	37.77	-122.2
158400.0	3.5398	52.0	2300.0	443.0	1225.0	423.0	37.78	-122.2
121600.0	3.1167	39.0	1752.0	399.0	1071.0	376.0	37.78	-122.2
129100.0	2.5401	50.0	1867.0	403.0	1128.0	378.0	37.78	-122.2
121400.0	2.898	43.0	2430.0	502.0	1537.0	484.0	37.77	-122.2
102800.0	2.3125	44.0	1729.0	414.0	1240.0	393.0	37.78	-122.21
160000.0	2.875	52.0	1026.0	180.0	469.0	168.0	37.78	-122.19
143900.0	3.3715	52.0	2170.0	428.0	1086.0	425.0	37.77	-122.19
151200.0	3.5114	52.0	2329.0	445.0	1144.0	417.0	37.77	-122.19
164400.0	4.3125	52.0	2492.0	415.0	1109.0	375.0	37.78	-122.19
156500.0	3.22	52.0	2198.0	397.0	984.0	369.0	37.78	-122.19
225000.0	3.875	33.0	142.0	31.0	575.0	47.0	37.78	-122.18
174200.0	5.2328	49.0	1183.0	205.0	496.0	209.0	37.78	-122.19
166900.0	3.7262	52.0	1070.0	193.0	555.0	190.0	37.78	-122.19
163500.0	4.5893	45.0	1766.0	332.0	869.0	327.0	37.78	-122.2
253000.0	5.2578	39.0	617.0	95.0	236.0	106.0	37.79	-122.18
240700.0	7.0875	41.0	1411.0	233.0	626.0	214.0	37.79	-122.18
208100.0	3.9712	46.0	2109.0	387.0	922.0	329.0	37.79	-122.18
198100.0	2.9514	47.0	1229.0	243.0	582.0	256.0	37.79	-122.19
172800.0	2.6667	50.0	954.0	217.0	546.0	201.0	37.79	-122.19
336700.0	5.4446	37.0	1643.0	262.0	620.0	266.0	37.81	-122.18
318200.0	6.2838	34.0	1355.0	195.0	442.0	195.0	37.8	-122.18
285800.0	6.7527	23.0	2317.0	336.0	955.0	328.0	37.8	-122.18
293000.0	7.0712	24.0	2459.0	317.0	916.0	324.0	37.77	-122.13
371000.0	5.9849	22.0	12842.0	2048.0	4985.0	1967.0	37.79	-122.16
157300.0	3.6875	42.0	1524.0	260.0	651.0	267.0	37.78	-122.17
135300.0	2.875	30.0	3326.0	746.0	1704.0	703.0	37.77	-122.17
136700.0	3.4205	43.0	1985.0	440.0	1085.0	407.0	37.78	-122.18
160700.0	3.2984	50.0	1642.0	322.0	713.0	284.0	37.78	-122.18
140600.0	3.875	49.0	893.0	177.0	468.0	181.0	37.78	-122.17
144000.0	4.175	52.0	653.0	128.0	296.0	121.0	37.78	-122.17
161900.0	4.375	47.0	1256.0	217.0	570.0	218.0	37.77	-122.16
156300.0	4.7708	48.0	977.0	194.0	446.0	180.0	37.77	-122.16
176000.0	3.5739	45.0	2324.0	397.0	968.0	384.0	37.77	-122.16
145800.0	3.0958	39.0	1583.0	349.0	857.0	316.0	37.77	-122.16
141900.0	3.3958	39.0	1612.0	342.0	912.0	322.0	37.77	-122.17
90700.0	1.871	31.0	2424.0	533.0	1360.0	452.0	37.77	-122.17
90600.0	1.9356	41.0	1594.0	367.0	1074.0	355.0	37.76	-122.17
107900.0	2.1842	47.0	2118.0	413.0	965.0	382.0	37.76	-122.17
107000.0	2.2917	37.0	1575.0	358.0	933.0	320.0	37.76	-122.18
98200.0	2.4333	38.0	1764.0	397.0	987.0	354.0	37.76	-122.17
89500.0	1.9479	50.0	1187.0	261.0	907.0	246.0	37.76	-122.18
93800.0	3.9063	52.0	754.0	175.0	447.0	165.0	37.76	-122.18
96700.0	1.8407	49.0	2308.0	452.0	1299.0	451.0	37.76	-122.18
97500.0	2.0786	27.0	909.0	236.0	396.0	157.0	37.77	-122.18
97300.0	2.8125	42.0	1180.0	257.0	877.0	268.0	37.77	-122.18
91200.0	1.8913	43.0	2018.0	408.0	1111.0	367.0	37.76	-122.18
91400.0	1.7056	49.0	1368.0	282.0	790.0	269.0	37.76	-122.19
96200.0	2.2768	52.0	2744.0	547.0	1479.0	554.0	37.77	-122.18
120100.0	3.2552	51.0	2107.0	471.0	1173.0	438.0	37.77	-122.18
100000.0	2.0556	52.0	1748.0	362.0	1029.0	366.0	37.77	-122.18
94700.0	2.4659	52.0	2024.0	391.0	1030.0	350.0	37.76	-122.19
85700.0	1.75	47.0	1116.0	259.0	826.0	279.0	37.76	-122.2
89300.0	2.0469	41.0	2036.0	510.0	1412.0	454.0	37.77	-122.19
101400.0	2.7159	45.0	1852.0	393.0	1132.0	349.0	37.77	-122.19
72500.0	1.2083	41.0	921.0	207.0	522.0	159.0	37.76	-122.19
74100.0	1.925	45.0	995.0	238.0	630.0	237.0	37.76	-122.19
70000.0	1.5809	36.0	606.0	132.0	531.0	133.0	37.75	-122.2
84600.0	1.4097	37.0	2680.0	736.0	1925.0	667.0	37.76	-122.2
81800.0	0.7683	38.0	1493.0	370.0	1144.0	351.0	37.76	-122.19
81400.0	1.3194	19.0	2207.0	565.0	1481.0	520.0	37.75	-122.19
81800.0	0.8012	28.0	856.0	189.0	435.0	162.0	37.75	-122.19
85800.0	1.9479	26.0	1293.0	297.0	984.0	303.0	37.76	-122.19
87100.0	1.1765	36.0	847.0	212.0	567.0	159.0	37.74	-122.19
83500.0	2.3456	42.0	541.0	154.0	380.0	123.0	37.74	-122.18
79700.0	2.1538	44.0	1066.0	253.0	825.0	244.0	37.73	-122.19
83400.0	2.5139	43.0	707.0	147.0	417.0	155.0	37.74	-122.19
84700.0	1.2625	45.0	1528.0	291.0	801.0	287.0	37.73	-122.19
80000.0	2.9063	42.0	909.0	215.0	646.0	198.0	37.73	-122.18
76400.0	2.5192	43.0	1391.0	293.0	855.0	285.0	37.73	-122.18
79700.0	2.1111	44.0	548.0	119.0	435.0	136.0	37.73	-122.18
82400.0	2.455	42.0	4074.0	874.0	2736.0	780.0	37.73	-122.18
97700.0	2.4028	41.0	1613.0	445.0	1481.0	414.0	37.74	-122.17
97200.0	2.15	47.0	463.0	134.0	327.0	137.0	37.74	-122.17
101600.0	2.4776	43.0	818.0	193.0	494.0	179.0	37.74	-122.17
86500.0	2.1587	43.0	1473.0	371.0	1231.0	341.0	37.73	-122.17
90500.0	1.8438	35.0	504.0	126.0	323.0	109.0	37.74	-122.18
107600.0	3.0298	46.0	1026.0	226.0	749.0	225.0	37.74	-122.17
84200.0	2.25	46.0	769.0	183.0	693.0	178.0	37.74	-122.17
88900.0	2.2467	46.0	2103.0	391.0	1339.0	354.0	37.74	-122.18
80700.0	4.0469	45.0	330.0	76.0	282.0	80.0	37.75	-122.18
87100.0	1.325	46.0	941.0	218.0	621.0	195.0	37.75	-122.18
85100.0	1.6196	38.0	992.0	279.0	732.0	259.0	37.75	-122.17
82000.0	2.1731	45.0	990.0	261.0	901.0	260.0	37.75	-122.18
82800.0	1.9167	36.0	1126.0	263.0	482.0	150.0	37.75	-122.19
84600.0	2.069	43.0	1036.0	233.0	652.0	213.0	37.75	-122.18
82100.0	1.712	36.0	1047.0	214.0	651.0	166.0	37.75	-122.18
89300.0	2.5625	33.0	1280.0	307.0	999.0	286.0	37.76	-122.17
98300.0	1.9821	43.0	1587.0	320.0	907.0	306.0	37.75	-122.17
92300.0	2.5043	41.0	1257.0	271.0	828.0	230.0	37.75	-122.17
88800.0	2.3281	44.0	1218.0	248.0	763.0	254.0	37.75	-122.17
90000.0	1.4375	48.0	1751.0	390.0	935.0	349.0	37.75	-122.17
95500.0	2.5122	45.0	2299.0	514.0	1437.0	484.0	37.76	-122.16
91700.0	1.5625	38.0	2457.0	624.0	1516.0	482.0	37.75	-122.16
100400.0	3.1587	47.0	998.0	211.0	597.0	185.0	37.75	-122.17
94800.0	1.8426	40.0	1685.0	343.0	949.0	342.0	37.76	-122.17
164300.0	4.6696	46.0	1827.0	307.0	881.0	302.0	37.76	-122.16
155500.0	2.4598	36.0	2781.0	574.0	1438.0	519.0	37.76	-122.16
196900.0	6.0749	39.0	1823.0	286.0	763.0	270.0	37.76	-122.15
279100.0	4.8304	27.0	2229.0	365.0	1297.0	355.0	37.77	-122.14
252800.0	5.5701	34.0	1513.0	231.0	545.0	211.0	37.76	-122.14
275400.0	5.37	26.0	3266.0	491.0	1222.0	533.0	37.76	-122.13
250000.0	6.86	33.0	1809.0	261.0	808.0	219.0	37.75	-122.12
329800.0	7.6923	28.0	794.0	111.0	329.0	109.0	37.75	-122.12
195500.0	4.0313	36.0	690.0	105.0	299.0	109.0	37.75	-122.14
255900.0	6.8323	33.0	1334.0	200.0	579.0	202.0	37.75	-122.14
311100.0	4.975	30.0	414.0	54.0	137.0	50.0	37.75	-122.13
330000.0	5.3602	36.0	768.0	93.0	229.0	93.0	37.75	-122.13
248900.0	5.0	41.0	4400.0	666.0	1476.0	648.0	37.74	-122.13
142900.0	2.925	46.0	954.0	161.0	429.0	154.0	37.75	-122.16
126300.0	3.8913	40.0	1445.0	256.0	849.0	255.0	37.75	-122.15
135800.0	3.225	44.0	1938.0	399.0	946.0	331.0	37.75	-122.15
130600.0	3.1458	41.0	856.0	178.0	571.0	191.0	37.74	-122.15
107900.0	2.537	24.0	1790.0	454.0	1137.0	386.0	37.75	-122.16
111100.0	2.5568	44.0	617.0	131.0	378.0	135.0	37.75	-122.16
122000.0	3.5083	43.0	1383.0	275.0	853.0	272.0	37.74	-122.15
118000.0	3.3125	49.0	1325.0	277.0	764.0	282.0	37.74	-122.15
95200.0	1.8235	40.0	1227.0	294.0	928.0	261.0	37.75	-122.16
94300.0	3.8047	35.0	667.0	140.0	406.0	133.0	37.75	-122.16
92500.0	2.2917	34.0	1223.0	281.0	824.0	280.0	37.74	-122.17
91800.0	2.4962	37.0	1379.0	287.0	835.0	259.0	37.75	-122.17
109400.0	4.0417	43.0	1534.0	300.0	826.0	295.0	37.74	-122.16
129500.0	3.4844	46.0	1029.0	181.0	567.0	211.0	37.74	-122.16
143400.0	4.1458	52.0	771.0	147.0	355.0	144.0	37.74	-122.16
98200.0	2.625	47.0	824.0	223.0	533.0	166.0	37.74	-122.16
103100.0	2.0227	44.0	1097.0	239.0	609.0	215.0	37.74	-122.16
276800.0	3.3333	49.0	1283.0	238.0	576.0	236.0	37.9	-122.29
270900.0	5.338	52.0	1604.0	263.0	594.0	286.0	37.9	-122.29
246200.0	3.4732	52.0	2248.0	422.0	870.0	377.0	37.89	-122.29
224200.0	3.5125	38.0	2263.0	522.0	1027.0	509.0	37.9	-122.3
229100.0	3.1375	52.0	1571.0	349.0	693.0	326.0	37.89	-122.29
211600.0	2.8036	46.0	1520.0	402.0	815.0	375.0	37.89	-122.3
256100.0	4.5824	15.0	5083.0	1212.0	2420.0	1146.0	37.9	-122.3
206300.0	3.0208	36.0	1077.0	293.0	518.0	276.0	37.89	-122.3
221300.0	4.0875	52.0	1248.0	283.0	620.0	275.0	37.89	-122.3
207400.0	4.5268	42.0	1342.0	291.0	551.0	266.0	37.89	-122.33
350000.0	1.7375	37.0	3061.0	930.0	2556.0	924.0	37.88	-122.34
218200.0	3.1795	52.0	3171.0	698.0	1498.0	696.0	37.89	-122.29
216700.0	3.8672	50.0	1211.0	261.0	523.0	227.0	37.88	-122.29
270600.0	5.1675	52.0	979.0	175.0	374.0	153.0	37.89	-122.29
261400.0	5.1696	52.0	2269.0	380.0	1004.0	371.0	37.89	-122.29
261300.0	4.2614	52.0	1844.0	332.0	769.0	334.0	37.88	-122.28
232200.0	5.0551	52.0	2178.0	421.0	940.0	423.0	37.89	-122.29
375400.0	5.6228	42.0	1650.0	274.0	645.0	256.0	37.9	-122.27
357300.0	7.8864	52.0	1927.0	279.0	705.0	288.0	37.9	-122.26
374400.0	7.9556	52.0	2079.0	273.0	684.0	275.0	37.9	-122.27
358800.0	6.174	52.0	1803.0	240.0	572.0	236.0	37.9	-122.27
417500.0	6.9414	52.0	2041.0	270.0	671.0	253.0	37.9	-122.27
430500.0	8.8342	52.0	3046.0	373.0	975.0	365.0	37.89	-122.27
362900.0	7.1754	52.0	2318.0	328.0	779.0	312.0	37.9	-122.28
397000.0	10.0825	52.0	2003.0	250.0	658.0	244.0	37.9	-122.28
346800.0	4.9083	52.0	2261.0	328.0	819.0	335.0	37.9	-122.28
327100.0	5.7912	52.0	1225.0	169.0	412.0	168.0	37.89	-122.28
290100.0	4.5893	52.0	2315.0	408.0	835.0	369.0	37.89	-122.28
292000.0	5.4171	52.0	2070.0	329.0	722.0	306.0	37.89	-122.28
270900.0	4.125	52.0	2616.0	473.0	1085.0	487.0	37.89	-122.28
371100.0	7.266	52.0	2640.0	366.0	973.0	355.0	37.89	-122.27
335600.0	5.3989	52.0	1978.0	293.0	723.0	272.0	37.89	-122.27
371300.0	7.8336	37.0	2220.0	335.0	903.0	362.0	37.9	-122.26
344000.0	6.1593	41.0	1125.0	195.0	356.0	181.0	37.89	-122.25
342200.0	6.381	52.0	3078.0	494.0	1005.0	462.0	37.89	-122.26
370900.0	6.6828	52.0	3706.0	531.0	1205.0	504.0	37.89	-122.26
350000.0	7.5385	37.0	3000.0	457.0	987.0	450.0	37.89	-122.25
368600.0	6.7138	42.0	2863.0	460.0	1031.0	448.0	37.89	-122.25
391800.0	6.2425	52.0	2551.0	417.0	894.0	404.0	37.88	-122.26
415300.0	5.7979	52.0	2255.0	410.0	823.0	377.0	37.88	-122.26
284900.0	4.2813	52.0	3360.0	648.0	1232.0	621.0	37.88	-122.27
287500.0	3.5417	52.0	1693.0	391.0	669.0	367.0	37.88	-122.27
272900.0	3.0132	44.0	2252.0	592.0	989.0	550.0	37.88	-122.27
259600.0	4.1429	52.0	2495.0	491.0	1058.0	464.0	37.88	-122.28
254500.0	4.1912	52.0	1193.0	200.0	506.0	207.0	37.88	-122.28
235600.0	3.9167	52.0	1172.0	215.0	489.0	218.0	37.88	-122.28
218400.0	3.8897	52.0	2159.0	424.0	824.0	388.0	37.88	-122.29
229200.0	3.1065	48.0	2365.0	490.0	1034.0	475.0	37.88	-122.29
192100.0	2.9926	46.0	1895.0	442.0	920.0	425.0	37.88	-122.29
179300.0	3.556	52.0	1650.0	395.0	841.0	380.0	37.88	-122.29
187500.0	1.475	45.0	453.0	146.0	749.0	137.0	37.88	-122.3
138800.0	1.6971	52.0	409.0	97.0	208.0	98.0	37.88	-122.3
150000.0	2.1705	10.0	503.0	118.0	228.0	100.0	37.87	-122.3
140600.0	2.75	50.0	499.0	127.0	287.0	128.0	37.86	-122.3
120000.0	2.5682	52.0	477.0	119.0	218.0	106.0	37.85	-122.29
144800.0	2.9	46.0	1647.0	376.0	854.0	355.0	37.88	-122.3
144800.0	2.2208	52.0	3123.0	749.0	1695.0	684.0	37.87	-122.3
245500.0	3.2344	52.0	957.0	188.0	403.0	172.0	37.88	-122.28
200000.0	3.5156	52.0	589.0	132.0	288.0	131.0	37.87	-122.28
173700.0	1.9805	49.0	2026.0	548.0	963.0	521.0	37.87	-122.28
185600.0	2.6684	50.0	1829.0	536.0	1129.0	516.0	37.87	-122.29
182600.0	3.875	52.0	895.0	198.0	386.0	204.0	37.87	-122.29
227900.0	3.006	52.0	1909.0	416.0	811.0	406.0	37.88	-122.28
220700.0	2.543	46.0	3022.0	696.0	1293.0	675.0	37.87	-122.28
212000.0	2.8676	46.0	1777.0	446.0	805.0	431.0	37.87	-122.28
271400.0	2.1907	52.0	2803.0	930.0	1372.0	876.0	37.88	-122.27
268800.0	1.7778	30.0	1465.0	439.0	862.0	425.0	37.87	-122.27
277800.0	2.52	37.0	2619.0	682.0	1152.0	616.0	37.88	-122.27
332500.0	4.2788	52.0	1149.0	255.0	483.0	249.0	37.88	-122.26
338900.0	2.944	52.0	2363.0	604.0	1558.0	573.0	37.88	-122.26
287500.0	1.725	52.0	2604.0	837.0	1798.0	769.0	37.88	-122.26
384600.0	5.2289	41.0	685.0	141.0	266.0	123.0	37.87	-122.25
371400.0	2.5562	42.0	1756.0	465.0	2184.0	422.0	37.87	-122.25
350000.0	0.949	52.0	1204.0	460.0	2016.0	477.0	37.87	-122.25
500001.0	1.1696	52.0	609.0	236.0	1349.0	250.0	37.87	-122.25
175000.0	1.4012	52.0	1087.0	371.0	3337.0	350.0	37.87	-122.26
241700.0	1.1859	52.0	2773.0	998.0	1721.0	949.0	37.87	-122.26
216700.0	1.7464	35.0	3218.0	1108.0	1675.0	1000.0	37.87	-122.27
211300.0	2.8846	49.0	1350.0	368.0	707.0	350.0	37.87	-122.27
210200.0	2.7372	52.0	3084.0	698.0	1424.0	694.0	37.87	-122.27
196400.0	3.8594	52.0	938.0	195.0	393.0	189.0	37.86	-122.28
191700.0	3.5625	52.0	1813.0	353.0	828.0	339.0	37.87	-122.28
182300.0	2.2788	52.0	1233.0	300.0	571.0	292.0	37.87	-122.28
175000.0	2.537	44.0	2539.0	755.0	1382.0	713.0	37.87	-122.29
165900.0	2.525	46.0	1267.0	324.0	792.0	321.0	37.87	-122.29
156900.0	1.9946	52.0	1665.0	404.0	815.0	372.0	37.86	-122.29
164300.0	2.8214	52.0	1659.0	367.0	788.0	346.0	37.86	-122.28
150000.0	2.6165	52.0	2225.0	460.0	1145.0	430.0	37.87	-122.29
150500.0	1.9483	50.0	2485.0	607.0	1354.0	563.0	37.86	-122.29
169900.0	1.9327	52.0	2031.0	450.0	958.0	445.0	37.86	-122.28
147400.0	1.9798	49.0	2932.0	668.0	1361.0	608.0	37.86	-122.28
152700.0	2.4167	52.0	2246.0	472.0	1005.0	449.0	37.85	-122.28
182700.0	2.5417	49.0	2052.0	435.0	924.0	414.0	37.86	-122.27
179300.0	3.3906	52.0	1999.0	417.0	780.0	358.0	37.86	-122.28
157700.0	2.5652	52.0	3007.0	691.0	1582.0	636.0	37.86	-122.28
153100.0	2.2845	41.0	2214.0	550.0	1213.0	568.0	37.86	-122.28
250000.0	2.6071	52.0	1088.0	305.0	486.0	267.0	37.86	-122.27
206300.0	3.15	52.0	834.0	186.0	494.0	175.0	37.86	-122.27
218800.0	2.6914	52.0	1769.0	372.0	849.0	365.0	37.86	-122.27
198200.0	1.8447	52.0	2307.0	583.0	1127.0	548.0	37.86	-122.27
253600.0	1.6307	35.0	5161.0	1744.0	3276.0	1742.0	37.86	-122.26
257400.0	2.9044	52.0	3497.0	832.0	1493.0	794.0	37.86	-122.26
289500.0	2.9405	52.0	3774.0	744.0	1461.0	679.0	37.86	-122.26
241700.0	3.3893	52.0	2888.0	604.0	1253.0	538.0	37.86	-122.26
489600.0	3.0417	48.0	2153.0	517.0	1656.0	459.0	37.86	-122.25
446200.0	7.0897	52.0	1389.0	191.0	514.0	202.0	37.86	-122.25
456300.0	5.0463	52.0	1709.0	318.0	719.0	295.0	37.86	-122.25
336800.0	1.7652	52.0	1587.0	444.0	878.0	449.0	37.86	-122.25
500001.0	7.8521	52.0	1668.0	225.0	517.0	214.0	37.86	-122.24
500001.0	9.3959	52.0	3726.0	474.0	1366.0	496.0	37.85	-122.24
376900.0	5.3794	52.0	4048.0	663.0	1316.0	590.0	37.86	-122.25
309600.0	3.2619	52.0	3618.0	768.0	1508.0	755.0	37.85	-122.26
182300.0	2.7054	52.0	4076.0	920.0	1800.0	815.0	37.85	-122.27
172700.0	2.2431	47.0	2077.0	400.0	719.0	326.0	37.85	-122.27
150800.0	1.9028	50.0	1279.0	300.0	675.0	255.0	37.85	-122.27
153600.0	1.5817	52.0	1974.0	426.0	875.0	363.0	37.85	-122.27
106300.0	2.2841	52.0	335.0	83.0	152.0	77.0	37.85	-122.27
142300.0	1.3785	47.0	1375.0	307.0	843.0	319.0	37.85	-122.27
119400.0	2.9018	52.0	610.0	145.0	281.0	132.0	37.85	-122.28
147900.0	1.73	44.0	1025.0	198.0	506.0	204.0	37.85	-122.28
132900.0	2.2625	48.0	2063.0	484.0	1054.0	466.0	37.85	-122.28
132500.0	2.2106	35.0	1872.0	419.0	1017.0	414.0	37.84	-122.29
126900.0	2.6997	52.0	3108.0	813.0	1623.0	765.0	37.83	-122.28
143800.0	4.0018	14.0	7355.0	2408.0	3100.0	2051.0	37.84	-122.3
500001.0	7.8772	52.0	2990.0	379.0	947.0	361.0	37.83	-122.23
500001.0	11.8603	39.0	2492.0	310.0	808.0	315.0	37.82	-122.22
500001.0	13.499	42.0	2991.0	335.0	1018.0	335.0	37.82	-122.22
500001.0	12.2138	52.0	3242.0	366.0	1001.0	352.0	37.82	-122.23
466100.0	8.1872	52.0	3051.0	381.0	1005.0	369.0	37.82	-122.23
500001.0	12.3804	52.0	3494.0	396.0	1192.0	383.0	37.82	-122.23
457800.0	5.8948	52.0	1757.0	246.0	585.0	227.0	37.83	-122.24
471600.0	8.1194	52.0	2449.0	312.0	916.0	316.0	37.83	-122.24
500001.0	8.7477	52.0	1611.0	203.0	556.0	179.0	37.82	-122.23
398600.0	6.155	52.0	3665.0	517.0	1470.0	520.0	37.82	-122.24
340700.0	5.883	52.0	2474.0	403.0	1104.0	398.0	37.82	-122.25
289900.0	5.2128	52.0	3037.0	516.0	1242.0	518.0	37.76	-122.23
335300.0	4.7188	52.0	2269.0	323.0	805.0	321.0	37.76	-122.23
333000.0	5.2915	52.0	1316.0	177.0	378.0	162.0	37.76	-122.23
241000.0	2.6411	52.0	1153.0	235.0	481.0	223.0	37.77	-122.24
189600.0	3.3214	52.0	772.0	179.0	409.0	160.0	37.77	-122.23
206300.0	3.6417	52.0	1711.0	386.0	885.0	373.0	37.77	-122.24
215700.0	3.0161	52.0	2650.0	566.0	1468.0	567.0	37.77	-122.25
210200.0	3.1771	52.0	1038.0	220.0	482.0	215.0	37.77	-122.25
208800.0	3.4531	52.0	1527.0	320.0	825.0	264.0	37.77	-122.25
197900.0	4.3098	52.0	859.0	157.0	429.0	158.0	37.77	-122.25
201300.0	3.3438	52.0	970.0	217.0	528.0	208.0	37.78	-122.26
190800.0	2.9213	52.0	1045.0	239.0	496.0	216.0	37.78	-122.26
207900.0	2.6806	52.0	1408.0	280.0	718.0	265.0	37.78	-122.27
215300.0	3.7708	52.0	1222.0	264.0	630.0	265.0	37.78	-122.27
212900.0	3.9444	45.0	1169.0	263.0	723.0	286.0	37.78	-122.27
292700.0	5.2601	13.0	2020.0	535.0	959.0	486.0	37.78	-122.27
275000.0	2.5444	30.0	4145.0	869.0	3668.0	855.0	37.79	-122.28
200000.0	2.6447	42.0	2038.0	368.0	2037.0	355.0	37.77	-122.3
173400.0	2.5762	29.0	5154.0	1394.0	3741.0	1273.0	37.78	-122.28
102200.0	1.9427	42.0	1241.0	309.0	821.0	300.0	37.78	-122.29
220800.0	2.9688	52.0	1468.0	363.0	870.0	347.0	37.77	-122.28
242800.0	3.75	27.0	3997.0	1073.0	1901.0	966.0	37.77	-122.28
265400.0	5.1702	18.0	2873.0	763.0	1243.0	663.0	37.76	-122.29
219000.0	2.5139	50.0	1487.0	306.0	730.0	327.0	37.78	-122.28
282100.0	2.9732	52.0	1670.0	350.0	793.0	299.0	37.77	-122.26
372000.0	5.5337	52.0	2252.0	388.0	1033.0	434.0	37.77	-122.27
225800.0	4.1667	52.0	1731.0	377.0	872.0	363.0	37.77	-122.27
220800.0	2.7115	52.0	1710.0	481.0	849.0	457.0	37.77	-122.27
234500.0	3.3269	52.0	2388.0	559.0	1121.0	518.0	37.77	-122.27
254200.0	3.2685	52.0	2156.0	458.0	872.0	445.0	37.77	-122.25
351800.0	4.7778	52.0	1565.0	315.0	637.0	297.0	37.77	-122.26
275000.0	4.226	52.0	1704.0	371.0	663.0	340.0	37.77	-122.26
405400.0	3.3571	52.0	1210.0	168.0	411.0	172.0	37.77	-122.26
228100.0	2.9899	52.0	2097.0	444.0	915.0	413.0	37.77	-122.26
234000.0	2.875	52.0	1848.0	479.0	921.0	477.0	37.77	-122.26
162500.0	2.3882	43.0	955.0	284.0	585.0	266.0	37.77	-122.24
243400.0	2.975	43.0	4329.0	1110.0	2086.0	1053.0	37.77	-122.25
273800.0	5.1039	52.0	3011.0	542.0	1303.0	535.0	37.76	-122.23
248500.0	4.1458	52.0	1049.0	185.0	374.0	176.0	37.76	-122.23
244000.0	3.4762	52.0	2504.0	516.0	979.0	472.0	37.76	-122.24
240900.0	2.6833	52.0	1846.0	471.0	827.0	446.0	37.76	-122.24
306300.0	5.75	52.0	1705.0	246.0	658.0	253.0	37.76	-122.23
240000.0	3.9632	50.0	1542.0	289.0	654.0	268.0	37.75	-122.23
247100.0	4.9489	45.0	891.0	155.0	384.0	146.0	37.75	-122.24
286600.0	4.8711	27.0	4051.0	753.0	1499.0	797.0	37.75	-122.24
266700.0	3.0718	52.0	2646.0	581.0	1128.0	522.0	37.76	-122.24
229800.0	3.6719	49.0	2428.0	525.0	1110.0	492.0	37.76	-122.24
229300.0	4.6094	52.0	2567.0	436.0	1119.0	415.0	37.76	-122.24
228400.0	4.5213	21.0	7031.0	1249.0	2930.0	1235.0	37.73	-122.24
206200.0	4.4562	25.0	1914.0	365.0	897.0	390.0	37.74	-122.25
350700.0	7.611	5.0	18634.0	2885.0	7427.0	2718.0	37.72	-122.24
231000.0	3.2689	31.0	5785.0	1379.0	2973.0	1312.0	37.73	-122.27
252900.0	3.567	52.0	2876.0	648.0	1340.0	632.0	37.76	-122.25
353900.0	3.6875	28.0	6909.0	1554.0	2974.0	1484.0	37.74	-122.27
291700.0	4.7695	23.0	5679.0	1270.0	2690.0	1151.0	37.77	-122.27
100000.0	3.1972	20.0	1156.0	365.0	583.0	326.0	37.75	-122.28
341600.0	7.2634	12.0	14316.0	2045.0	5781.0	2007.0	37.77	-122.06
412500.0	7.0568	5.0	3596.0	467.0	1738.0	512.0	37.73	-122.06
248600.0	4.635	36.0	3541.0	570.0	1478.0	529.0	37.71	-122.06
254900.0	5.3015	40.0	1808.0	302.0	746.0	270.0	37.71	-122.07
241500.0	4.9801	36.0	2879.0	480.0	1235.0	455.0	37.71	-122.07
295200.0	5.4834	26.0	3204.0	477.0	1411.0	484.0	37.72	-122.07
340400.0	6.187	31.0	3866.0	531.0	1368.0	521.0	37.72	-122.08
274700.0	5.6194	32.0	2476.0	368.0	1048.0	367.0	37.72	-122.08
238600.0	5.4639	35.0	2211.0	350.0	1004.0	365.0	37.71	-122.08
266400.0	5.1498	35.0	2663.0	387.0	1086.0	367.0	37.71	-122.09
330200.0	5.8382	30.0	2599.0	366.0	922.0	350.0	37.72	-122.1
206800.0	4.65	36.0	4569.0	824.0	1950.0	819.0	37.71	-122.11
209200.0	4.3819	25.0	2973.0	622.0	1413.0	595.0	37.7	-122.1
195800.0	3.7222	30.0	3115.0	625.0	1444.0	568.0	37.69	-122.1
253500.0	5.2855	31.0	1843.0	282.0	749.0	269.0	37.71	-122.09
241800.0	4.3375	31.0	2053.0	336.0	867.0	329.0	37.7	-122.09
252500.0	5.2131	27.0	6740.0	1073.0	2723.0	1035.0	37.71	-122.1
263900.0	6.005	30.0	1751.0	269.0	731.0	263.0	37.7	-122.09
227000.0	5.0519	38.0	1663.0	295.0	781.0	301.0	37.71	-122.08
220900.0	4.8237	38.0	3716.0	657.0	1784.0	652.0	37.71	-122.08
259300.0	5.2497	32.0	2718.0	447.0	1156.0	410.0	37.7	-122.08
232500.0	4.125	39.0	1420.0	272.0	645.0	277.0	37.7	-122.07
231600.0	4.6005	37.0	1893.0	310.0	821.0	315.0	37.7	-122.06
209400.0	3.5187	33.0	3906.0	790.0	1912.0	770.0	37.7	-122.06
223200.0	3.0	32.0	3400.0	736.0	1487.0	694.0	37.7	-122.07
209900.0	3.4934	25.0	3402.0	758.0	1645.0	710.0	37.7	-122.08
208200.0	2.9861	33.0	4413.0	1107.0	2239.0	1051.0	37.7	-122.09
203800.0	2.5362	29.0	2304.0	618.0	1021.0	552.0	37.69	-122.07
195700.0	3.3021	36.0	2350.0	499.0	1105.0	467.0	37.69	-122.08
190500.0	3.0964	31.0	5914.0	1309.0	2999.0	1295.0	37.69	-122.07
181000.0	2.8512	43.0	1575.0	324.0	740.0	284.0	37.69	-122.08
184900.0	3.3478	42.0	1414.0	274.0	629.0	244.0	37.69	-122.08
190800.0	2.3958	37.0	848.0	202.0	314.0	205.0	37.68	-122.08
242200.0	3.5295	15.0	3051.0	685.0	1479.0	668.0	37.68	-122.08
188300.0	4.8036	20.0	4296.0	817.0	1732.0	800.0	37.69	-122.09
183500.0	3.851	52.0	2898.0	557.0	1338.0	550.0	37.74	-122.15
204200.0	4.0662	52.0	1071.0	201.0	440.0	192.0	37.74	-122.14
251900.0	4.6042	51.0	2619.0	403.0	922.0	393.0	37.73	-122.14
187500.0	2.2	49.0	1494.0	316.0	611.0	288.0	37.74	-122.15
198200.0	4.1164	52.0	2260.0	416.0	994.0	412.0	37.73	-122.16
219000.0	3.95	52.0	1394.0	223.0	545.0	230.0	37.74	-122.15
275000.0	4.9135	52.0	1028.0	129.0	317.0	143.0	37.73	-122.15
245400.0	2.8355	45.0	3758.0	819.0	1573.0	736.0	37.73	-122.15
177500.0	3.25	46.0	2163.0	470.0	925.0	435.0	37.73	-122.17
171600.0	2.8301	49.0	1699.0	408.0	768.0	385.0	37.73	-122.16
183300.0	3.7159	52.0	1555.0	289.0	620.0	292.0	37.73	-122.17
175000.0	2.5625	52.0	1114.0	206.0	425.0	207.0	37.73	-122.16
156700.0	3.8047	45.0	1498.0	313.0	1003.0	305.0	37.72	-122.18
157500.0	3.375	45.0	726.0	147.0	519.0	135.0	37.71	-122.18
179800.0	3.244	38.0	890.0	200.0	481.0	198.0	37.71	-122.17
205500.0	4.0268	36.0	2639.0	533.0	1209.0	519.0	37.7	-122.18
178900.0	3.3906	35.0	2562.0	554.0	1398.0	525.0	37.7	-122.18
262500.0	5.5461	36.0	361.0	69.0	158.0	58.0	37.71	-122.19
165000.0	3.371	42.0	3008.0	659.0	1817.0	664.0	37.72	-122.17
159700.0	3.5313	46.0	1369.0	284.0	766.0	289.0	37.72	-122.17
158300.0	3.663	5.0	1692.0	398.0	814.0	328.0	37.72	-122.17
144800.0	2.875	38.0	1007.0	245.0	618.0	239.0	37.72	-122.16
166300.0	4.0202	43.0	3783.0	814.0	2139.0	789.0	37.72	-122.17
191000.0	4.5553	37.0	1507.0	242.0	632.0	253.0	37.71	-122.16
175000.0	3.4643	36.0	666.0	132.0	366.0	134.0	37.71	-122.16
137500.0	3.3431	10.0	2229.0	601.0	877.0	485.0	37.72	-122.16
141700.0	2.1898	28.0	2215.0	587.0	830.0	573.0	37.73	-122.15
210900.0	2.9097	31.0	1616.0	372.0	739.0	379.0	37.72	-122.15
198300.0	3.375	47.0	1190.0	251.0	540.0	266.0	37.72	-122.15
157400.0	2.8125	29.0	4169.0	1047.0	2024.0	962.0	37.72	-122.15
264700.0	5.0	52.0	2024.0	320.0	823.0	334.0	37.73	-122.14
218400.0	3.0673	38.0	1723.0	394.0	711.0	353.0	37.73	-122.14
235100.0	3.8125	43.0	2264.0	390.0	931.0	368.0	37.73	-122.14
341800.0	6.9096	33.0	1996.0	268.0	686.0	270.0	37.73	-122.13
367300.0	7.912	26.0	2862.0	394.0	1030.0	397.0	37.72	-122.13
243500.0	3.8393	35.0	2183.0	383.0	976.0	392.0	37.72	-122.13
167900.0	4.0	35.0	1037.0	207.0	552.0	210.0	37.71	-122.12
371200.0	6.5095	25.0	1134.0	153.0	340.0	171.0	37.72	-122.13
218900.0	3.5156	39.0	786.0	132.0	288.0	132.0	37.72	-122.14
202700.0	2.983	45.0	1397.0	253.0	555.0	248.0	37.72	-122.14
186200.0	3.524	45.0	2315.0	451.0	1006.0	444.0	37.72	-122.13
188900.0	3.1103	44.0	1613.0	339.0	776.0	346.0	37.71	-122.13
180000.0	3.5781	44.0	1421.0	298.0	609.0	270.0	37.71	-122.13
202700.0	3.1682	18.0	5778.0	1526.0	2441.0	1352.0	37.71	-122.15
181700.0	2.6101	27.0	3094.0	866.0	1364.0	789.0	37.71	-122.14
166800.0	3.6932	18.0	3905.0	1007.0	2197.0	1044.0	37.71	-122.14
183700.0	3.4583	43.0	3046.0	557.0	1333.0	544.0	37.7	-122.13
218000.0	3.9032	19.0	3516.0	710.0	1810.0	703.0	37.7	-122.13
191500.0	4.0208	36.0	998.0	178.0	531.0	183.0	37.71	-122.15
194700.0	3.5547	36.0	1464.0	244.0	672.0	261.0	37.7	-122.15
187200.0	4.5859	17.0	1463.0	292.0	695.0	330.0	37.7	-122.14
223100.0	2.6321	21.0	4124.0	1054.0	2162.0	998.0	37.7	-122.13
271300.0	3.395	17.0	2380.0	769.0	1216.0	643.0	37.69	-122.13
194100.0	3.9702	36.0	1266.0	228.0	606.0	239.0	37.7	-122.14
190400.0	5.0043	36.0	2239.0	391.0	1203.0	379.0	37.7	-122.16
189100.0	4.4659	38.0	1571.0	317.0	874.0	301.0	37.69	-122.14
184600.0	3.6625	38.0	1246.0	221.0	637.0	222.0	37.69	-122.15
197300.0	3.8864	36.0	1501.0	287.0	703.0	276.0	37.69	-122.15
192600.0	3.4583	36.0	1468.0	252.0	733.0	229.0	37.7	-122.15
192200.0	3.7813	36.0	1118.0	219.0	625.0	228.0	37.69	-122.16
194600.0	2.9917	36.0	1097.0	208.0	568.0	225.0	37.7	-122.16
193500.0	4.4375	36.0	1719.0	303.0	836.0	311.0	37.7	-122.16
202600.0	4.0	24.0	1755.0	365.0	952.0	362.0	37.7	-122.17
83300.0	2.3869	16.0	1687.0	348.0	568.0	352.0	37.68	-122.16
212600.0	4.7609	24.0	2262.0	391.0	1125.0	366.0	37.69	-122.17
187800.0	5.4858	5.0	2087.0	407.0	840.0	401.0	37.68	-122.18
205700.0	4.3971	36.0	1480.0	278.0	796.0	283.0	37.69	-122.16
192900.0	4.0109	36.0	1545.0	273.0	863.0	267.0	37.69	-122.15
205200.0	4.3864	35.0	2632.0	447.0	1349.0	486.0	37.68	-122.15
213400.0	4.2841	30.0	2261.0	443.0	929.0	383.0	37.68	-122.15
183600.0	5.1312	39.0	1670.0	308.0	957.0	335.0	37.69	-122.15
178400.0	2.9958	37.0	2141.0	535.0	1093.0	555.0	37.69	-122.14
219200.0	3.6364	27.0	3337.0	613.0	1489.0	607.0	37.68	-122.14
183100.0	2.7955	31.0	3184.0	716.0	1561.0	628.0	37.68	-122.14
157100.0	2.9507	44.0	2341.0	500.0	1256.0	485.0	37.69	-122.1
157800.0	3.4375	30.0	1197.0	269.0	695.0	279.0	37.69	-122.12
161700.0	2.875	34.0	1131.0	278.0	560.0	237.0	37.69	-122.13
152100.0	3.0345	38.0	1164.0	284.0	632.0	289.0	37.71	-122.12
144900.0	2.679	41.0	3495.0	787.0	1849.0	750.0	37.7	-122.12
179900.0	2.9922	17.0	2488.0	617.0	1287.0	538.0	37.7	-122.12
179100.0	4.1042	35.0	2681.0	508.0	1580.0	536.0	37.69	-122.12
159900.0	2.5833	19.0	2495.0	635.0	1571.0	579.0	37.7	-122.12
161400.0	2.1552	23.0	1689.0	461.0	828.0	443.0	37.7	-122.11
170400.0	2.3274	29.0	1298.0	306.0	835.0	338.0	37.7	-122.11
137500.0	2.4206	19.0	2693.0	789.0	1765.0	724.0	37.7	-122.11
178400.0	3.9063	41.0	746.0	145.0	387.0	161.0	37.69	-122.1
155200.0	2.6464	37.0	2444.0	651.0	1562.0	618.0	37.69	-122.11
160900.0	3.4643	42.0	1472.0	310.0	768.0	309.0	37.69	-122.11
167300.0	2.3973	10.0	2227.0	560.0	1140.0	472.0	37.69	-122.12
340000.0	6.5	20.0	200.0	25.0	83.0	31.0	37.69	-122.03
431000.0	6.0574	32.0	1283.0	194.0	485.0	171.0	37.64	-121.97
301100.0	3.8958	6.0	2445.0	590.0	1189.0	573.0	37.63	-122.02
241900.0	4.7813	21.0	1307.0	236.0	586.0	249.0	37.63	-122.04
162500.0	3.2829	5.0	3785.0	936.0	2240.0	792.0	37.63	-122.05
299200.0	5.3169	10.0	2031.0	357.0	867.0	352.0	37.66	-122.04
315500.0	6.2579	10.0	8299.0	1326.0	3827.0	1288.0	37.65	-122.04
216800.0	5.1701	23.0	7518.0	1279.0	3827.0	1294.0	37.68	-122.05
218100.0	3.25	36.0	1815.0	426.0	1280.0	431.0	37.68	-122.07
170300.0	3.1796	30.0	5367.0	1207.0	2667.0	1047.0	37.68	-122.06
275000.0	2.4196	26.0	1167.0	370.0	253.0	137.0	37.68	-122.08
184100.0	2.6563	26.0	2607.0	682.0	1401.0	607.0	37.68	-122.08
160000.0	0.9637	29.0	493.0	168.0	233.0	152.0	37.67	-122.08
175000.0	2.3357	48.0	1252.0	305.0	673.0	308.0	37.67	-122.09
197500.0	3.5114	41.0	1382.0	353.0	704.0	314.0	37.68	-122.09
150000.0	3.3125	43.0	500.0	110.0	273.0	120.0	37.69	-122.09
205600.0	2.4042	29.0	2333.0	538.0	1120.0	540.0	37.68	-122.09
170300.0	2.8322	41.0	1834.0	463.0	1105.0	467.0	37.68	-122.09
190900.0	2.5156	43.0	1415.0	348.0	569.0	293.0	37.68	-122.09
196900.0	3.4032	37.0	1352.0	342.0	691.0	324.0	37.68	-122.1
174000.0	2.535	37.0	2116.0	503.0	1109.0	448.0	37.68	-122.1
170200.0	2.5772	37.0	1976.0	481.0	1197.0	465.0	37.68	-122.11
180900.0	3.0962	38.0	1779.0	413.0	1061.0	400.0	37.68	-122.1
150500.0	2.9564	34.0	3659.0	897.0	2479.0	903.0	37.67	-122.1
167100.0	3.125	31.0	1892.0	428.0	1162.0	389.0	37.68	-122.1
148900.0	2.95	35.0	1958.0	484.0	1146.0	448.0	37.68	-122.12
196400.0	4.38	40.0	1553.0	253.0	724.0	267.0	37.68	-122.12
191100.0	4.0417	37.0	2412.0	394.0	975.0	375.0	37.68	-122.12
187500.0	3.8	36.0	2110.0	389.0	952.0	370.0	37.67	-122.11
180600.0	3.4839	45.0	2179.0	401.0	1159.0	399.0	37.68	-122.12
182800.0	4.0588	45.0	2457.0	445.0	1129.0	422.0	37.68	-122.13
179300.0	4.1974	44.0	2147.0	399.0	1175.0	401.0	37.68	-122.13
179400.0	3.6	43.0	1676.0	340.0	924.0	328.0	37.68	-122.13
210300.0	4.267	35.0	2976.0	518.0	1424.0	538.0	37.68	-122.14
192300.0	4.2386	34.0	3036.0	533.0	1366.0	500.0	37.67	-122.14
198100.0	5.5797	35.0	2472.0	398.0	1171.0	390.0	37.67	-122.15
196200.0	4.0682	36.0	1487.0	249.0	641.0	243.0	37.67	-122.14
181600.0	3.1734	38.0	2012.0	347.0	880.0	332.0	37.67	-122.13
186900.0	4.7933	37.0	3342.0	569.0	1635.0	557.0	37.67	-122.14
188300.0	4.8125	37.0	3156.0	534.0	1495.0	543.0	37.67	-122.14
184000.0	3.8676	40.0	1748.0	318.0	914.0	317.0	37.67	-122.13
184700.0	3.9395	33.0	3429.0	681.0	1798.0	694.0	37.67	-122.12
179900.0	3.2434	42.0	3592.0	703.0	1625.0	665.0	37.67	-122.13
167200.0	3.0917	38.0	1035.0	247.0	599.0	224.0	37.67	-122.11
165400.0	3.0645	32.0	3028.0	811.0	2037.0	703.0	37.67	-122.11
154000.0	2.7019	33.0	2431.0	655.0	1854.0	603.0	37.67	-122.09
153500.0	3.1115	39.0	2069.0	500.0	1408.0	478.0	37.67	-122.09
135400.0	3.4722	40.0	1340.0	313.0	766.0	271.0	37.66	-122.09
158300.0	2.2222	39.0	1160.0	259.0	725.0	274.0	37.66	-122.09
240700.0	6.1104	32.0	2015.0	318.0	1019.0	340.0	37.68	-122.05
180700.0	4.2733	22.0	3882.0	816.0	1830.0	743.0	37.67	-122.06
230600.0	3.2465	27.0	3239.0	671.0	1469.0	616.0	37.67	-122.07
210800.0	3.2417	28.0	2932.0	739.0	1198.0	624.0	37.67	-122.07
165300.0	3.875	38.0	2104.0	409.0	1039.0	394.0	37.67	-122.07
254200.0	6.0501	29.0	1694.0	251.0	690.0	242.0	37.67	-122.04
332600.0	6.8233	18.0	3000.0	419.0	1155.0	415.0	37.67	-122.04
350000.0	6.3501	23.0	2419.0	348.0	1066.0	384.0	37.66	-122.04
161200.0	2.6719	28.0	2280.0	610.0	1255.0	587.0	37.66	-122.07
179300.0	3.875	21.0	5031.0	1168.0	2461.0	1042.0	37.66	-122.07
154300.0	2.5625	33.0	1547.0	372.0	1063.0	356.0	37.66	-122.08
161800.0	3.016	31.0	3300.0	790.0	2181.0	740.0	37.65	-122.07
161900.0	2.7694	17.0	5018.0	1439.0	3069.0	1299.0	37.65	-122.08
165400.0	3.6818	35.0	1813.0	393.0	1093.0	374.0	37.65	-122.08
166600.0	2.1382	37.0	1997.0	436.0	1349.0	437.0	37.66	-122.08
149700.0	3.7303	37.0	901.0	191.0	599.0	206.0	37.66	-122.1
162100.0	3.875	35.0	686.0	142.0	480.0	149.0	37.66	-122.1
152600.0	3.0489	33.0	1954.0	464.0	1293.0	448.0	37.66	-122.1
195200.0	2.8203	27.0	2630.0	722.0	1414.0	634.0	37.65	-122.09
190600.0	4.3897	35.0	1130.0	192.0	543.0	184.0	37.65	-122.09
193800.0	4.7143	35.0	1184.0	200.0	572.0	194.0	37.65	-122.09
200600.0	4.6875	34.0	656.0	115.0	342.0	112.0	37.66	-122.1
150000.0	3.2091	29.0	2544.0	643.0	2332.0	603.0	37.66	-122.11
185300.0	4.275	36.0	1305.0	225.0	768.0	234.0	37.66	-122.1
172700.0	4.1302	36.0	1755.0	316.0	913.0	299.0	37.66	-122.11
174100.0	3.09	35.0	2843.0	652.0	1726.0	643.0	37.66	-122.11
194400.0	4.5417	25.0	2538.0	494.0	1185.0	501.0	37.65	-122.1
206700.0	4.6635	28.0	1784.0	311.0	735.0	278.0	37.64	-122.1
204500.0	4.4427	31.0	1797.0	327.0	796.0	319.0	37.65	-122.1
175000.0	4.5303	36.0	410.0	76.0	252.0	82.0	37.65	-122.1
137500.0	2.375	26.0	162.0	27.0	86.0	25.0	37.65	-122.12
187200.0	3.8171	18.0	9963.0	2031.0	5613.0	1946.0	37.63	-122.1
173600.0	4.5281	35.0	2361.0	458.0	1727.0	467.0	37.61	-122.1
163000.0	4.3456	19.0	862.0	167.0	407.0	183.0	37.66	-122.13
331600.0	3.4861	18.0	4335.0	808.0	2041.0	734.0	37.65	-122.11
197600.0	5.2312	31.0	1487.0	280.0	854.0	301.0	37.64	-122.11
197900.0	3.6708	8.0	3592.0	849.0	1907.0	746.0	37.64	-122.11
228100.0	3.8875	40.0	432.0	102.0	264.0	77.0	37.64	-122.12
189500.0	3.9167	34.0	1457.0	242.0	735.0	249.0	37.63	-122.09
184200.0	3.9063	32.0	1578.0	284.0	836.0	292.0	37.64	-122.09
180900.0	3.7895	29.0	2172.0	435.0	1377.0	408.0	37.63	-122.1
172000.0	3.8	36.0	1340.0	245.0	789.0	248.0	37.64	-122.08
177900.0	5.7309	36.0	1116.0	199.0	662.0	226.0	37.64	-122.08
173100.0	4.1141	36.0	1885.0	307.0	853.0	271.0	37.64	-122.09
172600.0	5.2838	36.0	1180.0	212.0	664.0	200.0	37.64	-122.09
182100.0	3.3479	30.0	5267.0	1253.0	4065.0	1113.0	37.64	-122.08
179500.0	3.142	23.0	1897.0	440.0	1109.0	418.0	37.64	-122.08
176000.0	3.7614	31.0	767.0	171.0	548.0	185.0	37.63	-122.08
192600.0	4.25	33.0	691.0	127.0	431.0	149.0	37.63	-122.08
182700.0	3.9338	36.0	786.0	133.0	463.0	160.0	37.64	-122.08
134900.0	2.5158	22.0	5861.0	1516.0	5436.0	1463.0	37.64	-122.07
157600.0	2.4808	27.0	2784.0	723.0	2028.0	693.0	37.63	-122.07
190900.0	4.7083	25.0	4524.0	860.0	2426.0	862.0	37.64	-122.07
158200.0	4.1652	37.0	1468.0	304.0	1038.0	282.0	37.64	-122.06
350000.0	3.5541	20.0	1655.0	450.0	857.0	430.0	37.64	-122.06
158200.0	3.8036	33.0	1227.0	286.0	848.0	291.0	37.65	-122.06
146100.0	3.8259	33.0	1160.0	252.0	729.0	220.0	37.64	-122.06
226700.0	3.2331	33.0	952.0	172.0	369.0	159.0	37.63	-122.04
198700.0	4.7109	35.0	2072.0	352.0	1001.0	350.0	37.62	-122.03
221200.0	4.2468	32.0	2964.0	547.0	1472.0	527.0	37.62	-122.03
208500.0	6.396	35.0	1032.0	173.0	453.0	176.0	37.62	-122.04
204200.0	3.8125	35.0	657.0	118.0	328.0	134.0	37.62	-122.04
193200.0	3.2857	32.0	1540.0	324.0	793.0	302.0	37.62	-122.04
209500.0	3.8929	35.0	1298.0	236.0	632.0	204.0	37.62	-122.03
164900.0	3.7262	36.0	1409.0	271.0	1002.0	281.0	37.61	-122.03
161400.0	4.0125	37.0	1383.0	259.0	808.0	241.0	37.61	-122.03
187000.0	4.1719	36.0	1151.0	216.0	727.0	215.0	37.61	-122.04
190400.0	4.2857	35.0	899.0	179.0	455.0	185.0	37.62	-122.04
156600.0	3.6458	37.0	1793.0	364.0	1534.0	346.0	37.63	-122.08
157300.0	2.6875	17.0	2485.0	518.0	1139.0	550.0	37.62	-122.08
168100.0	3.7292	35.0	1931.0	376.0	1175.0	337.0	37.63	-122.07
177600.0	4.5913	24.0	2329.0	465.0	1401.0	453.0	37.63	-122.07
208900.0	3.8625	12.0	6711.0	1374.0	3388.0	1289.0	37.63	-122.06
169200.0	3.3611	23.0	1939.0	356.0	841.0	364.0	37.63	-122.06
163900.0	2.8971	16.0	1642.0	346.0	705.0	351.0	37.61	-122.05
164700.0	4.0326	34.0	1619.0	293.0	1148.0	310.0	37.63	-122.08
156900.0	4.0682	35.0	517.0	108.0	391.0	107.0	37.63	-122.08
168800.0	5.3644	36.0	1570.0	274.0	992.0	249.0	37.63	-122.09
174100.0	4.7019	35.0	1213.0	221.0	790.0	243.0	37.63	-122.09
206500.0	5.64	27.0	1826.0	309.0	1016.0	313.0	37.62	-122.08
203900.0	3.7931	26.0	2261.0	443.0	1039.0	395.0	37.61	-122.08
217000.0	4.6458	9.0	3666.0	711.0	2341.0	703.0	37.61	-121.99
159600.0	3.694	36.0	1633.0	345.0	1382.0	338.0	37.6	-122.02
159800.0	2.652	31.0	2155.0	522.0	1858.0	437.0	37.6	-122.02
154300.0	3.5	32.0	1295.0	280.0	1156.0	300.0	37.6	-122.02
149600.0	3.2386	32.0	1295.0	295.0	1097.0	328.0	37.6	-122.02
188600.0	5.097	33.0	1518.0	302.0	831.0	268.0	37.61	-122.03
238500.0	4.3875	17.0	3314.0	638.0	1873.0	602.0	37.6	-122.04
235300.0	4.625	22.0	3009.0	497.0	1640.0	514.0	37.6	-122.06
261400.0	5.0406	6.0	2605.0	474.0	1568.0	433.0	37.61	-122.08
234400.0	5.8704	17.0	5159.0	832.0	3174.0	817.0	37.6	-122.06
231700.0	5.3226	18.0	1726.0	276.0	1186.0	310.0	37.6	-122.06
156300.0	4.235	16.0	1816.0	365.0	1367.0	355.0	37.59	-122.08
222000.0	4.825	13.0	2578.0	551.0	1680.0	528.0	37.59	-122.07
254400.0	5.5218	15.0	2576.0	418.0	1657.0	410.0	37.58	-122.08
244300.0	6.5116	16.0	1644.0	251.0	1033.0	267.0	37.58	-122.07
247000.0	6.0661	16.0	1606.0	240.0	1117.0	268.0	37.58	-122.07
236500.0	6.0074	16.0	3349.0	544.0	2003.0	488.0	37.58	-122.08
151400.0	4.6211	15.0	3475.0	686.0	2568.0	653.0	37.59	-122.07
213700.0	5.225	16.0	1893.0	338.0	1461.0	344.0	37.58	-122.07
243600.0	5.3428	14.0	1727.0	302.0	1116.0	273.0	37.59	-122.04
212500.0	3.7462	15.0	6243.0	1273.0	3163.0	1274.0	37.59	-122.05
214700.0	4.5721	24.0	2077.0	383.0	1488.0	389.0	37.6	-122.03
213200.0	3.6923	18.0	1165.0	333.0	855.0	319.0	37.59	-122.02
256000.0	4.6786	16.0	4371.0	889.0	2530.0	817.0	37.59	-122.03
237500.0	2.875	2.0	838.0	295.0	240.0	149.0	37.59	-122.01
178100.0	3.3617	15.0	3052.0	760.0	2097.0	728.0	37.58	-122.02
231800.0	5.7579	17.0	4313.0	717.0	2629.0	721.0	37.58	-122.01
147900.0	2.9706	36.0	385.0	94.0	295.0	92.0	37.6	-122.09
191700.0	3.9022	10.0	3046.0	678.0	2056.0	628.0	37.6	-122.08
247600.0	4.6146	21.0	4342.0	783.0	2172.0	789.0	37.57	-121.97
283500.0	5.7192	15.0	3575.0	597.0	1777.0	559.0	37.58	-121.96
216900.0	3.6832	20.0	4126.0	1031.0	2079.0	975.0	37.58	-121.98
282500.0	6.2073	31.0	2878.0	478.0	1276.0	485.0	37.58	-121.99
295600.0	5.8151	6.0	4405.0	717.0	2071.0	688.0	37.58	-122.0
281800.0	5.8322	14.0	16199.0	2993.0	8117.0	2847.0	37.57	-122.01
269800.0	5.6277	14.0	14917.0	2708.0	8012.0	2606.0	37.58	-122.04
231200.0	5.2879	12.0	5719.0	1064.0	3436.0	1057.0	37.57	-122.04
318300.0	6.5615	8.0	8647.0	1407.0	5019.0	1379.0	37.57	-122.07
253400.0	5.6758	15.0	8112.0	1376.0	4576.0	1348.0	37.58	-122.06
278200.0	6.1047	7.0	10648.0	1818.0	6075.0	1797.0	37.57	-122.05
300000.0	3.5714	5.0	1150.0	311.0	648.0	245.0	37.49	-121.93
273500.0	6.0824	3.0	14014.0	2861.0	7205.0	2753.0	37.52	-122.07
223400.0	4.3594	23.0	4332.0	857.0	2461.0	829.0	37.56	-122.02
214500.0	5.5737	35.0	1716.0	312.0	914.0	316.0	37.56	-122.02
220200.0	4.8962	31.0	4981.0	964.0	2841.0	924.0	37.56	-122.03
240300.0	4.6978	24.0	8444.0	1492.0	4446.0	1491.0	37.56	-122.03
158000.0	4.4259	6.0	3028.0	778.0	1531.0	736.0	37.56	-122.01
224200.0	3.3008	26.0	2068.0	532.0	1434.0	495.0	37.55	-122.01
177200.0	4.5687	33.0	1325.0	274.0	909.0	267.0	37.55	-122.02
216100.0	3.8179	24.0	2563.0	485.0	1174.0	501.0	37.56	-122.01
269700.0	5.0	18.0	5505.0	1005.0	2641.0	971.0	37.56	-121.99
231200.0	4.3393	20.0	6462.0	1294.0	3288.0	1235.0	37.56	-121.99
162500.0	4.1387	4.0	3746.0	993.0	1606.0	838.0	37.55	-121.96
254000.0	4.8052	13.0	8918.0	1823.0	4518.0	1772.0	37.56	-121.97
196200.0	4.6349	31.0	1949.0	344.0	986.0	322.0	37.54	-121.97
189400.0	3.168	17.0	4924.0	1247.0	3080.0	1182.0	37.55	-121.97
220800.0	3.1326	17.0	5133.0	1375.0	3386.0	1339.0	37.54	-121.98
213800.0	2.9074	16.0	6647.0	2098.0	4649.0	1903.0	37.55	-121.99
442900.0	8.3996	15.0	5674.0	748.0	2412.0	714.0	37.56	-121.94
333400.0	6.6478	21.0	10687.0	1540.0	4552.0	1520.0	37.55	-121.95
352400.0	6.629	25.0	1354.0	192.0	596.0	220.0	37.54	-121.93
305300.0	6.2179	27.0	3715.0	526.0	1631.0	538.0	37.54	-121.94
259600.0	5.761	33.0	2095.0	342.0	941.0	304.0	37.53	-121.94
248900.0	4.6641	29.0	3517.0	645.0	1724.0	585.0	37.54	-121.95
356000.0	6.7599	31.0	2537.0	382.0	1067.0	410.0	37.54	-121.94
236000.0	3.9909	14.0	5106.0	1207.0	2738.0	1108.0	37.54	-121.96
218800.0	4.2955	23.0	2215.0	475.0	1278.0	492.0	37.53	-121.96
228000.0	4.9615	28.0	2949.0	529.0	1538.0	545.0	37.53	-121.96
235900.0	2.6198	18.0	2375.0	652.0	1252.0	586.0	37.53	-121.96
203200.0	4.7135	28.0	2312.0	496.0	1344.0	467.0	37.54	-121.97
197000.0	4.75	35.0	2277.0	420.0	1353.0	413.0	37.53	-121.97
236400.0	5.4299	26.0	2506.0	387.0	1273.0	406.0	37.53	-121.97
223200.0	4.6	28.0	2829.0	566.0	1610.0	540.0	37.53	-121.98
222700.0	4.1947	26.0	3179.0	703.0	2142.0	639.0	37.53	-121.98
225000.0	5.388	26.0	2332.0	371.0	1285.0	404.0	37.54	-121.99
240100.0	3.9444	18.0	3584.0	715.0	1673.0	661.0	37.54	-121.99
227900.0	5.3283	28.0	3046.0	507.0	1772.0	516.0	37.54	-121.99
268600.0	4.8403	28.0	2414.0	415.0	1106.0	453.0	37.55	-121.99
275100.0	5.1616	29.0	4133.0	744.0	2023.0	749.0	37.54	-122.0
256300.0	4.9167	34.0	2791.0	495.0	1276.0	468.0	37.55	-122.01
332400.0	4.1591	27.0	6103.0	1249.0	3026.0	1134.0	37.55	-122.0
287600.0	5.0	32.0	2572.0	406.0	1128.0	395.0	37.54	-122.01
298900.0	5.8325	26.0	1910.0	371.0	852.0	357.0	37.54	-122.0
287600.0	5.7057	27.0	1890.0	303.0	889.0	314.0	37.53	-122.01
222200.0	5.0423	25.0	5405.0	939.0	2831.0	923.0	37.53	-121.99
232600.0	4.5317	26.0	3761.0	623.0	1776.0	613.0	37.52	-121.97
258300.0	5.4359	25.0	3333.0	511.0	1671.0	504.0	37.51	-121.97
230900.0	5.0824	23.0	4925.0	948.0	2530.0	894.0	37.52	-121.97
196900.0	5.2308	33.0	3994.0	764.0	2721.0	763.0	37.52	-121.95
223500.0	4.4107	22.0	5811.0	1125.0	3215.0	1086.0	37.51	-121.96
223900.0	5.2396	26.0	4211.0	741.0	2352.0	734.0	37.52	-121.96
243500.0	4.7478	27.0	5532.0	973.0	2855.0	960.0	37.53	-121.93
451100.0	8.4045	7.0	28258.0	3864.0	12203.0	3701.0	37.53	-121.92
500001.0	9.7194	9.0	4909.0	577.0	1981.0	591.0	37.49	-121.89
193100.0	5.1643	10.0	7441.0	1588.0	3571.0	1466.0	37.49	-121.92
264400.0	5.3813	23.0	4314.0	676.0	1972.0	623.0	37.48	-121.92
246900.0	6.0878	26.0	2016.0	322.0	1105.0	357.0	37.47	-121.92
337300.0	6.868	13.0	5377.0	744.0	2759.0	760.0	37.47	-121.91
284800.0	6.992	22.0	9167.0	1373.0	4319.0	1404.0	37.55	-122.03
217300.0	4.9118	26.0	3087.0	532.0	1597.0	483.0	37.55	-122.03
291700.0	4.4357	23.0	3170.0	532.0	1446.0	515.0	37.55	-122.04
223800.0	4.9464	26.0	2145.0	369.0	1285.0	377.0	37.54	-122.04
223100.0	5.2882	25.0	4209.0	731.0	2568.0	703.0	37.54	-122.05
211300.0	5.1321	23.0	4247.0	835.0	2357.0	823.0	37.55	-122.05
218500.0	3.9667	25.0	4458.0	922.0	2998.0	890.0	37.53	-122.04
156300.0	3.1696	17.0	407.0	97.0	307.0	100.0	37.5	-122.04
248200.0	5.0838	20.0	6483.0	1068.0	3526.0	1060.0	37.54	-122.06
186000.0	4.8214	35.0	1867.0	343.0	1213.0	338.0	37.54	-122.03
178200.0	4.1406	6.0	2918.0	672.0	1911.0	639.0	37.54	-122.03
190400.0	3.7364	34.0	2316.0	478.0	1524.0	467.0	37.53	-122.04
210300.0	3.535	31.0	1240.0	264.0	719.0	236.0	37.54	-122.02
208000.0	5.0739	16.0	4458.0	856.0	3038.0	870.0	37.54	-122.03
183300.0	3.256	18.0	1746.0	437.0	1268.0	404.0	37.53	-122.03
245700.0	6.0667	19.0	4572.0	712.0	2346.0	709.0	37.53	-122.01
242200.0	5.7072	21.0	4280.0	673.0	2216.0	681.0	37.53	-122.02
181700.0	4.9867	7.0	6352.0	1390.0	3223.0	1316.0	37.51	-122.0
299400.0	5.1437	4.0	7477.0	1576.0	2937.0	1506.0	37.72	-121.92
219500.0	5.347	22.0	4638.0	716.0	2302.0	687.0	37.72	-121.92
231800.0	5.7233	25.0	4377.0	668.0	2038.0	671.0	37.71	-121.91
221300.0	4.4697	26.0	3816.0	637.0	1935.0	642.0	37.72	-121.93
213800.0	4.9107	26.0	2806.0	459.0	1453.0	444.0	37.72	-121.93
206000.0	4.2281	26.0	4822.0	845.0	2288.0	805.0	37.71	-121.93
271100.0	5.0143	15.0	6473.0	1027.0	2484.0	970.0	37.71	-121.94
336500.0	7.2494	6.0	8072.0	1050.0	3386.0	1062.0	37.71	-121.96
315600.0	5.1406	46.0	1280.0	209.0	512.0	208.0	37.64	-121.92
500001.0	8.3337	24.0	3166.0	424.0	1081.0	400.0	37.66	-121.93
285400.0	7.316	13.0	3742.0	555.0	1590.0	559.0	37.69	-121.92
323000.0	6.4994	18.0	7397.0	1137.0	3126.0	1115.0	37.66	-121.9
291900.0	7.2211	23.0	1655.0	223.0	706.0	219.0	37.68	-121.92
225600.0	4.4087	3.0	2456.0	582.0	793.0	456.0	37.7	-121.93
259600.0	5.9345	23.0	2179.0	308.0	926.0	299.0	37.69	-121.91
262900.0	6.177	20.0	1804.0	254.0	831.0	260.0	37.68	-121.91
257300.0	5.817	18.0	3631.0	547.0	1700.0	520.0	37.68	-121.91
259200.0	6.3132	18.0	2876.0	423.0	1395.0	427.0	37.69	-121.91
339700.0	6.3373	12.0	7490.0	1207.0	3329.0	1136.0	37.68	-121.89
337200.0	7.333	23.0	2234.0	270.0	854.0	286.0	37.68	-121.88
334100.0	6.2918	22.0	1898.0	239.0	734.0	245.0	37.68	-121.89
311500.0	6.5214	16.0	4070.0	624.0	1543.0	577.0	37.67	-121.88
296900.0	6.4524	25.0	2244.0	301.0	937.0	324.0	37.67	-121.88
247900.0	6.0604	20.0	2948.0	471.0	1181.0	474.0	37.67	-121.89
300400.0	6.5285	19.0	2034.0	288.0	852.0	295.0	37.67	-121.89
332400.0	7.2639	15.0	2130.0	273.0	876.0	285.0	37.67	-121.9
389800.0	7.4353	7.0	9540.0	1294.0	3926.0	1229.0	37.67	-121.9
233000.0	3.1127	29.0	2702.0	680.0	1360.0	642.0	37.66	-121.88
238500.0	2.4896	39.0	522.0	116.0	161.0	102.0	37.66	-121.87
233300.0	5.0677	52.0	775.0	134.0	315.0	123.0	37.66	-121.87
231300.0	2.1187	3.0	1565.0	464.0	769.0	461.0	37.66	-121.89
475800.0	10.9506	20.0	1309.0	184.0	514.0	172.0	37.64	-121.88
393200.0	7.0691	13.0	5519.0	833.0	2444.0	825.0	37.57	-121.87
247200.0	5.5	10.0	4337.0	800.0	1813.0	743.0	37.67	-121.87
229400.0	4.9879	28.0	1812.0	294.0	853.0	278.0	37.67	-121.87
282500.0	6.8132	4.0	4719.0	741.0	1895.0	742.0	37.68	-121.85
300600.0	5.6399	14.0	4236.0	701.0	1833.0	663.0	37.66	-121.85
293200.0	4.1597	22.0	3634.0	664.0	1699.0	640.0	37.66	-121.86
278500.0	5.7519	27.0	1569.0	242.0	583.0	214.0	37.66	-121.87
352900.0	5.6417	13.0	13182.0	2074.0	4847.0	1950.0	37.66	-121.84
400000.0	10.3203	43.0	228.0	40.0	83.0	42.0	37.72	-121.85
375000.0	4.3472	47.0	127.0	23.0	51.0	21.0	37.73	-121.82
313700.0	6.6827	13.0	9621.0	1344.0	4389.0	1391.0	37.7	-121.86
139300.0	3.62	4.0	6159.0	1510.0	2649.0	1241.0	37.69	-121.89
327500.0	7.3588	16.0	4290.0	554.0	1952.0	576.0	37.65	-121.77
430600.0	5.7239	26.0	1786.0	306.0	771.0	279.0	37.61	-121.62
125000.0	4.2083	32.0	404.0	74.0	144.0	58.0	37.77	-121.61
450000.0	6.1023	17.0	1671.0	352.0	729.0	252.0	37.7	-121.72
200200.0	3.9864	12.0	5608.0	1049.0	2595.0	1067.0	37.71	-121.73
192400.0	4.8624	11.0	12070.0	2220.0	5826.0	2125.0	37.71	-121.75
418800.0	9.1531	25.0	494.0	81.0	254.0	85.0	37.74	-121.77
216800.0	4.7361	22.0	5533.0	943.0	2474.0	910.0	37.7	-121.8
215500.0	5.4324	17.0	3956.0	639.0	2222.0	662.0	37.69	-121.8
227700.0	4.9375	12.0	1906.0	351.0	802.0	319.0	37.69	-121.82